// Данные о достопримечательностях Вологды
const attractions = [
    { id: 0, name: "Краеведческий музей заповедник", lat: 59.2236047, lng: 39.8815831 },
    { id: 1, name: "Галерея Красный мост", lat: 59.2218485, lng: 39.8951011 },
    { id: 2, name: "Церковь Варлаама Хутынского", lat: 59.2201563, lng: 39.8847294 },
    { id: 3, name: "Софийский собор", lat: 59.2217892, lng: 39.8839947 },
    { id: 4, name: "Памятник букве О", lat: 59.2189567, lng: 39.8932673 },
    { id: 5, name: "Памятник К.Н. Батюшкову", lat: 59.2198341, lng: 39.8916728 },
    { id: 6, name: "Дом Петра I", lat: 59.2224561, lng: 39.8843926 },
    { id: 7, name: "Вологодский Кремль", lat: 59.2208945, lng: 39.8821673 },
    { id: 8, name: "Вологодский драматический театр", lat: 59.2178934, lng: 39.8894562 }
];

// Матрица расстояний между объектами в Вологде (в метрах)
const distanceMatrix = [
    [0, 950, 400, 250, 1200, 1100, 150, 350, 1400],
    [950, 0, 800, 850, 350, 450, 900, 900, 650],
    [400, 800, 0, 200, 850, 750, 300, 250, 1000],
    [250, 850, 200, 0, 950, 850, 200, 150, 1150],
    [1200, 350, 850, 950, 0, 150, 1150, 1050, 300],
    [1100, 450, 750, 850, 150, 0, 1050, 950, 450],
    [150, 900, 300, 200, 1150, 1050, 0, 250, 1300],
    [350, 900, 250, 150, 1050, 950, 250, 0, 1200],
    [1400, 650, 1000, 1150, 300, 450, 1300, 1200, 0]
];